// CSG file generated from FreeCAD 0.16.
group() {
 group(){
multmatrix([[1.0, 0.0, 0.0,            1.0], [0.0, 1.0, 0.0, 20.0], [0.0, 0.0, 1.0, 0.25], [             0, 0, 0, 1]]){
sphere($fn = 0, $fa = 12.000000, $fs = 2.000000, r = 1 mm);
multmatrix([[1.0, 0.0, 0.0,            0.0], [0.0, 0.707106781187, -0.707106781187, 2.35355339059], [0.0, 0.707106781187, 0.707106781187, -0.353553390593], [             0, 0, 0, 1]]){
cylinder($fn = 8, $fa = 12.000000, $fs = 2.000000, h = 1.0, r1 = 1 mm, r2 = 1 mm, center = false);
}
multmatrix([[1.0, 0.0, 0.0,            2.0], [0.0, 0.707106781187, -0.707106781187, 4.35355339059], [0.0, 0.707106781187, 0.707106781187, -0.353553390593], [             0, 0, 0, 1]]){
cylinder($fn = 8, $fa = 12.000000, $fs = 2.000000, h = 1.0, r1 = 1 mm, r2 = 1 mm, center = false);
}
union() {
multmatrix([[1.0, 0.0, 0.0,            0.0], [0.0, 0.707106781187, -0.707106781187, 20.3535533906], [0.0, 0.707106781187, 0.707106781187, -0.353553390593], [             0, 0, 0, 1]]){
cylinder($fn = 8, $fa = 12.000000, $fs = 2.000000, h = 1.0, r1 = 1 mm, r2 = 1 mm, center = false);
}
multmatrix([[1.0, 0.0, 0.0,            2.0], [0.0, 0.707106781187, -0.707106781187, 20.3535533906], [0.0, 0.707106781187, 0.707106781187, -0.353553390593], [             0, 0, 0, 1]]){
cylinder($fn = 8, $fa = 12.000000, $fs = 2.000000, h = 1.0, r1 = 1 mm, r2 = 1 mm, center = false);
}
multmatrix([[1.0, 0.0, 0.0,            4.0], [0.0, 0.707106781187, -0.707106781187, 20.3535533906], [0.0, 0.707106781187, 0.707106781187, -0.353553390593], [             0, 0, 0, 1]]){
cylinder($fn = 8, $fa = 12.000000, $fs = 2.000000, h = 1.0, r1 = 1 mm, r2 = 1 mm, center = false);
}
multmatrix([[1.0, 0.0, 0.0,            6.0], [0.0, 0.707106781187, -0.707106781187, 20.3535533906], [0.0, 0.707106781187, 0.707106781187, -0.353553390593], [             0, 0, 0, 1]]){
cylinder($fn = 8, $fa = 12.000000, $fs = 2.000000, h = 1.0, r1 = 1 mm, r2 = 1 mm, center = false);
}
multmatrix([[1.0, 0.0, 0.0,            8.0], [0.0, 0.707106781187, -0.707106781187, 20.3535533906], [0.0, 0.707106781187, 0.707106781187, -0.353553390593], [             0, 0, 0, 1]]){
cylinder($fn = 8, $fa = 12.000000, $fs = 2.000000, h = 1.0, r1 = 1 mm, r2 = 1 mm, center = false);
}
multmatrix([[1.0, 0.0, 0.0,            10.0], [0.0, 0.707106781187, -0.707106781187, 20.3535533906], [0.0, 0.707106781187, 0.707106781187, -0.353553390593], [             0, 0, 0, 1]]){
cylinder($fn = 8, $fa = 12.000000, $fs = 2.000000, h = 1.0, r1 = 1 mm, r2 = 1 mm, center = false);
}
multmatrix([[1.0, 0.0, 0.0,            12.0], [0.0, 0.707106781187, -0.707106781187, 20.3535533906], [0.0, 0.707106781187, 0.707106781187, -0.353553390593], [             0, 0, 0, 1]]){
cylinder($fn = 8, $fa = 12.000000, $fs = 2.000000, h = 1.0, r1 = 1 mm, r2 = 1 mm, center = false);
}
multmatrix([[1.0, 0.0, 0.0,            14.0], [0.0, 0.707106781187, -0.707106781187, 20.3535533906], [0.0, 0.707106781187, 0.707106781187, -0.353553390593], [             0, 0, 0, 1]]){
cylinder($fn = 8, $fa = 12.000000, $fs = 2.000000, h = 1.0, r1 = 1 mm, r2 = 1 mm, center = false);
}
multmatrix([[1.0, 0.0, 0.0,            16.0], [0.0, 0.707106781187, -0.707106781187, 20.3535533906], [0.0, 0.707106781187, 0.707106781187, -0.353553390593], [             0, 0, 0, 1]]){
cylinder($fn = 8, $fa = 12.000000, $fs = 2.000000, h = 1.0, r1 = 1 mm, r2 = 1 mm, center = false);
}
multmatrix([[1.0, 0.0, 0.0,            18.0], [0.0, 0.707106781187, -0.707106781187, 20.3535533906], [0.0, 0.707106781187, 0.707106781187, -0.353553390593], [             0, 0, 0, 1]]){
cylinder($fn = 8, $fa = 12.000000, $fs = 2.000000, h = 1.0, r1 = 1 mm, r2 = 1 mm, center = false);
}
multmatrix([[1.0, 0.0, 0.0,            20.0], [0.0, 0.707106781187, -0.707106781187, 20.3535533906], [0.0, 0.707106781187, 0.707106781187, -0.353553390593], [             0, 0, 0, 1]]){
cylinder($fn = 8, $fa = 12.000000, $fs = 2.000000, h = 1.0, r1 = 1 mm, r2 = 1 mm, center = false);
}
}
multmatrix([[1.0, 0.0, 0.0,            20.0], [0.0, 1.0, 0.0, 20.0], [0.0, 0.0, 1.0, 0.25], [             0, 0, 0, 1]]){
sphere($fn = 0, $fa = 12.000000, $fs = 2.000000, r = 1 mm);
union() {
multmatrix([[1.0, 0.0, 0.0,            0.0], [0.0, 0.707106781187, -0.707106781187, 16.3535533906], [0.0, 0.707106781187, 0.707106781187, -0.353553390593], [             0, 0, 0, 1]]){
cylinder($fn = 8, $fa = 12.000000, $fs = 2.000000, h = 1.0, r1 = 1 mm, r2 = 1 mm, center = false);
}
multmatrix([[1.0, 0.0, 0.0,            2.0], [0.0, 0.707106781187, -0.707106781187, 16.3535533906], [0.0, 0.707106781187, 0.707106781187, -0.353553390593], [             0, 0, 0, 1]]){
cylinder($fn = 8, $fa = 12.000000, $fs = 2.000000, h = 1.0, r1 = 1 mm, r2 = 1 mm, center = false);
}
multmatrix([[1.0, 0.0, 0.0,            4.0], [0.0, 0.707106781187, -0.707106781187, 16.3535533906], [0.0, 0.707106781187, 0.707106781187, -0.353553390593], [             0, 0, 0, 1]]){
cylinder($fn = 8, $fa = 12.000000, $fs = 2.000000, h = 1.0, r1 = 1 mm, r2 = 1 mm, center = false);
}
multmatrix([[1.0, 0.0, 0.0,            6.0], [0.0, 0.707106781187, -0.707106781187, 16.3535533906], [0.0, 0.707106781187, 0.707106781187, -0.353553390593], [             0, 0, 0, 1]]){
cylinder($fn = 8, $fa = 12.000000, $fs = 2.000000, h = 1.0, r1 = 1 mm, r2 = 1 mm, center = false);
}
multmatrix([[1.0, 0.0, 0.0,            8.0], [0.0, 0.707106781187, -0.707106781187, 16.3535533906], [0.0, 0.707106781187, 0.707106781187, -0.353553390593], [             0, 0, 0, 1]]){
cylinder($fn = 8, $fa = 12.000000, $fs = 2.000000, h = 1.0, r1 = 1 mm, r2 = 1 mm, center = false);
}
multmatrix([[1.0, 0.0, 0.0,            10.0], [0.0, 0.707106781187, -0.707106781187, 16.3535533906], [0.0, 0.707106781187, 0.707106781187, -0.353553390593], [             0, 0, 0, 1]]){
cylinder($fn = 8, $fa = 12.000000, $fs = 2.000000, h = 1.0, r1 = 1 mm, r2 = 1 mm, center = false);
}
multmatrix([[1.0, 0.0, 0.0,            12.0], [0.0, 0.707106781187, -0.707106781187, 16.3535533906], [0.0, 0.707106781187, 0.707106781187, -0.353553390593], [             0, 0, 0, 1]]){
cylinder($fn = 8, $fa = 12.000000, $fs = 2.000000, h = 1.0, r1 = 1 mm, r2 = 1 mm, center = false);
}
multmatrix([[1.0, 0.0, 0.0,            14.0], [0.0, 0.707106781187, -0.707106781187, 16.3535533906], [0.0, 0.707106781187, 0.707106781187, -0.353553390593], [             0, 0, 0, 1]]){
cylinder($fn = 8, $fa = 12.000000, $fs = 2.000000, h = 1.0, r1 = 1 mm, r2 = 1 mm, center = false);
}
multmatrix([[1.0, 0.0, 0.0,            16.0], [0.0, 0.707106781187, -0.707106781187, 16.3535533906], [0.0, 0.707106781187, 0.707106781187, -0.353553390593], [             0, 0, 0, 1]]){
cylinder($fn = 8, $fa = 12.000000, $fs = 2.000000, h = 1.0, r1 = 1 mm, r2 = 1 mm, center = false);
}
multmatrix([[1.0, 0.0, 0.0,            18.0], [0.0, 0.707106781187, -0.707106781187, 16.3535533906], [0.0, 0.707106781187, 0.707106781187, -0.353553390593], [             0, 0, 0, 1]]){
cylinder($fn = 8, $fa = 12.000000, $fs = 2.000000, h = 1.0, r1 = 1 mm, r2 = 1 mm, center = false);
}
multmatrix([[1.0, 0.0, 0.0,            20.0], [0.0, 0.707106781187, -0.707106781187, 16.3535533906], [0.0, 0.707106781187, 0.707106781187, -0.353553390593], [             0, 0, 0, 1]]){
cylinder($fn = 8, $fa = 12.000000, $fs = 2.000000, h = 1.0, r1 = 1 mm, r2 = 1 mm, center = false);
}
}
multmatrix([[1.0, 0.0, 0.0,            14.0], [0.0, 0.707106781187, -0.707106781187, 10.3535533906], [0.0, 0.707106781187, 0.707106781187, -0.353553390593], [             0, 0, 0, 1]]){
cylinder($fn = 8, $fa = 12.000000, $fs = 2.000000, h = 1.0, r1 = 1 mm, r2 = 1 mm, center = false);
}
multmatrix([[1.0, 0.0, 0.0,            1.0], [0.0, 1.0, 0.0, 1.0], [0.0, 0.0, 1.0, 0.25], [             0, 0, 0, 1]]){
sphere($fn = 0, $fa = 12.000000, $fs = 2.000000, r = 1 mm);
multmatrix([[1.0, 0.0, 0.0,            16.0], [0.0, 0.707106781187, -0.707106781187, 10.3535533906], [0.0, 0.707106781187, 0.707106781187, -0.353553390593], [             0, 0, 0, 1]]){
cylinder($fn = 8, $fa = 12.000000, $fs = 2.000000, h = 1.0, r1 = 1 mm, r2 = 1 mm, center = false);
}
multmatrix([[1.0, 0.0, 0.0,            6.0], [0.0, 0.707106781187, -0.707106781187, 18.3535533906], [0.0, 0.707106781187, 0.707106781187, -0.353553390593], [             0, 0, 0, 1]]){
cylinder($fn = 8, $fa = 12.000000, $fs = 2.000000, h = 1.0, r1 = 1 mm, r2 = 1 mm, center = false);
}
multmatrix([[1.0, 0.0, 0.0,            0.0], [0.0, 0.707106781187, -0.707106781187, 6.35355339059], [0.0, 0.707106781187, 0.707106781187, -0.353553390593], [             0, 0, 0, 1]]){
cylinder($fn = 8, $fa = 12.000000, $fs = 2.000000, h = 1.0, r1 = 1 mm, r2 = 1 mm, center = false);
}
multmatrix([[1.0, 0.0, 0.0,            12.0], [0.0, 0.707106781187, -0.707106781187, 2.35355339059], [0.0, 0.707106781187, 0.707106781187, -0.353553390593], [             0, 0, 0, 1]]){
cylinder($fn = 8, $fa = 12.000000, $fs = 2.000000, h = 1.0, r1 = 1 mm, r2 = 1 mm, center = false);
}
union() {
multmatrix([[1.0, 0.0, 0.0,            0.0], [0.0, 0.707106781187, -0.707106781187, 14.3535533906], [0.0, 0.707106781187, 0.707106781187, -0.353553390593], [             0, 0, 0, 1]]){
cylinder($fn = 8, $fa = 12.000000, $fs = 2.000000, h = 1.0, r1 = 1 mm, r2 = 1 mm, center = false);
}
multmatrix([[1.0, 0.0, 0.0,            2.0], [0.0, 0.707106781187, -0.707106781187, 14.3535533906], [0.0, 0.707106781187, 0.707106781187, -0.353553390593], [             0, 0, 0, 1]]){
cylinder($fn = 8, $fa = 12.000000, $fs = 2.000000, h = 1.0, r1 = 1 mm, r2 = 1 mm, center = false);
}
multmatrix([[1.0, 0.0, 0.0,            4.0], [0.0, 0.707106781187, -0.707106781187, 14.3535533906], [0.0, 0.707106781187, 0.707106781187, -0.353553390593], [             0, 0, 0, 1]]){
cylinder($fn = 8, $fa = 12.000000, $fs = 2.000000, h = 1.0, r1 = 1 mm, r2 = 1 mm, center = false);
}
multmatrix([[1.0, 0.0, 0.0,            6.0], [0.0, 0.707106781187, -0.707106781187, 14.3535533906], [0.0, 0.707106781187, 0.707106781187, -0.353553390593], [             0, 0, 0, 1]]){
cylinder($fn = 8, $fa = 12.000000, $fs = 2.000000, h = 1.0, r1 = 1 mm, r2 = 1 mm, center = false);
}
multmatrix([[1.0, 0.0, 0.0,            8.0], [0.0, 0.707106781187, -0.707106781187, 14.3535533906], [0.0, 0.707106781187, 0.707106781187, -0.353553390593], [             0, 0, 0, 1]]){
cylinder($fn = 8, $fa = 12.000000, $fs = 2.000000, h = 1.0, r1 = 1 mm, r2 = 1 mm, center = false);
}
multmatrix([[1.0, 0.0, 0.0,            10.0], [0.0, 0.707106781187, -0.707106781187, 14.3535533906], [0.0, 0.707106781187, 0.707106781187, -0.353553390593], [             0, 0, 0, 1]]){
cylinder($fn = 8, $fa = 12.000000, $fs = 2.000000, h = 1.0, r1 = 1 mm, r2 = 1 mm, center = false);
}
multmatrix([[1.0, 0.0, 0.0,            12.0], [0.0, 0.707106781187, -0.707106781187, 14.3535533906], [0.0, 0.707106781187, 0.707106781187, -0.353553390593], [             0, 0, 0, 1]]){
cylinder($fn = 8, $fa = 12.000000, $fs = 2.000000, h = 1.0, r1 = 1 mm, r2 = 1 mm, center = false);
}
multmatrix([[1.0, 0.0, 0.0,            14.0], [0.0, 0.707106781187, -0.707106781187, 14.3535533906], [0.0, 0.707106781187, 0.707106781187, -0.353553390593], [             0, 0, 0, 1]]){
cylinder($fn = 8, $fa = 12.000000, $fs = 2.000000, h = 1.0, r1 = 1 mm, r2 = 1 mm, center = false);
}
multmatrix([[1.0, 0.0, 0.0,            16.0], [0.0, 0.707106781187, -0.707106781187, 14.3535533906], [0.0, 0.707106781187, 0.707106781187, -0.353553390593], [             0, 0, 0, 1]]){
cylinder($fn = 8, $fa = 12.000000, $fs = 2.000000, h = 1.0, r1 = 1 mm, r2 = 1 mm, center = false);
}
multmatrix([[1.0, 0.0, 0.0,            18.0], [0.0, 0.707106781187, -0.707106781187, 14.3535533906], [0.0, 0.707106781187, 0.707106781187, -0.353553390593], [             0, 0, 0, 1]]){
cylinder($fn = 8, $fa = 12.000000, $fs = 2.000000, h = 1.0, r1 = 1 mm, r2 = 1 mm, center = false);
}
multmatrix([[1.0, 0.0, 0.0,            20.0], [0.0, 0.707106781187, -0.707106781187, 14.3535533906], [0.0, 0.707106781187, 0.707106781187, -0.353553390593], [             0, 0, 0, 1]]){
cylinder($fn = 8, $fa = 12.000000, $fs = 2.000000, h = 1.0, r1 = 1 mm, r2 = 1 mm, center = false);
}
}
multmatrix([[1.0, 0.0, 0.0,            20.0], [0.0, 0.707106781187, -0.707106781187, 14.3535533906], [0.0, 0.707106781187, 0.707106781187, -0.353553390593], [             0, 0, 0, 1]]){
cylinder($fn = 8, $fa = 12.000000, $fs = 2.000000, h = 1.0, r1 = 1 mm, r2 = 1 mm, center = false);
}
multmatrix([[1.0, 0.0, 0.0,            12.0], [0.0, 0.707106781187, -0.707106781187, 8.35355339059], [0.0, 0.707106781187, 0.707106781187, -0.353553390593], [             0, 0, 0, 1]]){
cylinder($fn = 8, $fa = 12.000000, $fs = 2.000000, h = 1.0, r1 = 1 mm, r2 = 1 mm, center = false);
}
multmatrix([[1.0, 0.0, 0.0,            6.0], [0.0, 0.707106781187, -0.707106781187, 6.35355339059], [0.0, 0.707106781187, 0.707106781187, -0.353553390593], [             0, 0, 0, 1]]){
cylinder($fn = 8, $fa = 12.000000, $fs = 2.000000, h = 1.0, r1 = 1 mm, r2 = 1 mm, center = false);
}
multmatrix([[1.0, 0.0, 0.0,            12.0], [0.0, 0.707106781187, -0.707106781187, 0.353553390593], [0.0, 0.707106781187, 0.707106781187, -0.353553390593], [             0, 0, 0, 1]]){
cylinder($fn = 8, $fa = 12.000000, $fs = 2.000000, h = 1.0, r1 = 1 mm, r2 = 1 mm, center = false);
}
multmatrix([[1.0, 0.0, 0.0,            6.0], [0.0, 0.707106781187, -0.707106781187, 10.3535533906], [0.0, 0.707106781187, 0.707106781187, -0.353553390593], [             0, 0, 0, 1]]){
cylinder($fn = 8, $fa = 12.000000, $fs = 2.000000, h = 1.0, r1 = 1 mm, r2 = 1 mm, center = false);
}
multmatrix([[1.0, 0.0, 0.0,            8.0], [0.0, 0.707106781187, -0.707106781187, 0.353553390593], [0.0, 0.707106781187, 0.707106781187, -0.353553390593], [             0, 0, 0, 1]]){
cylinder($fn = 8, $fa = 12.000000, $fs = 2.000000, h = 1.0, r1 = 1 mm, r2 = 1 mm, center = false);
}
union() {
multmatrix([[1.0, 0.0, 0.0,            0.0], [0.0, 0.707106781187, -0.707106781187, 2.35355339059], [0.0, 0.707106781187, 0.707106781187, -0.353553390593], [             0, 0, 0, 1]]){
cylinder($fn = 8, $fa = 12.000000, $fs = 2.000000, h = 1.0, r1 = 1 mm, r2 = 1 mm, center = false);
}
multmatrix([[1.0, 0.0, 0.0,            2.0], [0.0, 0.707106781187, -0.707106781187, 2.35355339059], [0.0, 0.707106781187, 0.707106781187, -0.353553390593], [             0, 0, 0, 1]]){
cylinder($fn = 8, $fa = 12.000000, $fs = 2.000000, h = 1.0, r1 = 1 mm, r2 = 1 mm, center = false);
}
multmatrix([[1.0, 0.0, 0.0,            4.0], [0.0, 0.707106781187, -0.707106781187, 2.35355339059], [0.0, 0.707106781187, 0.707106781187, -0.353553390593], [             0, 0, 0, 1]]){
cylinder($fn = 8, $fa = 12.000000, $fs = 2.000000, h = 1.0, r1 = 1 mm, r2 = 1 mm, center = false);
}
multmatrix([[1.0, 0.0, 0.0,            6.0], [0.0, 0.707106781187, -0.707106781187, 2.35355339059], [0.0, 0.707106781187, 0.707106781187, -0.353553390593], [             0, 0, 0, 1]]){
cylinder($fn = 8, $fa = 12.000000, $fs = 2.000000, h = 1.0, r1 = 1 mm, r2 = 1 mm, center = false);
}
multmatrix([[1.0, 0.0, 0.0,            8.0], [0.0, 0.707106781187, -0.707106781187, 2.35355339059], [0.0, 0.707106781187, 0.707106781187, -0.353553390593], [             0, 0, 0, 1]]){
cylinder($fn = 8, $fa = 12.000000, $fs = 2.000000, h = 1.0, r1 = 1 mm, r2 = 1 mm, center = false);
}
multmatrix([[1.0, 0.0, 0.0,            10.0], [0.0, 0.707106781187, -0.707106781187, 2.35355339059], [0.0, 0.707106781187, 0.707106781187, -0.353553390593], [             0, 0, 0, 1]]){
cylinder($fn = 8, $fa = 12.000000, $fs = 2.000000, h = 1.0, r1 = 1 mm, r2 = 1 mm, center = false);
}
multmatrix([[1.0, 0.0, 0.0,            12.0], [0.0, 0.707106781187, -0.707106781187, 2.35355339059], [0.0, 0.707106781187, 0.707106781187, -0.353553390593], [             0, 0, 0, 1]]){
cylinder($fn = 8, $fa = 12.000000, $fs = 2.000000, h = 1.0, r1 = 1 mm, r2 = 1 mm, center = false);
}
multmatrix([[1.0, 0.0, 0.0,            14.0], [0.0, 0.707106781187, -0.707106781187, 2.35355339059], [0.0, 0.707106781187, 0.707106781187, -0.353553390593], [             0, 0, 0, 1]]){
cylinder($fn = 8, $fa = 12.000000, $fs = 2.000000, h = 1.0, r1 = 1 mm, r2 = 1 mm, center = false);
}
multmatrix([[1.0, 0.0, 0.0,            16.0], [0.0, 0.707106781187, -0.707106781187, 2.35355339059], [0.0, 0.707106781187, 0.707106781187, -0.353553390593], [             0, 0, 0, 1]]){
cylinder($fn = 8, $fa = 12.000000, $fs = 2.000000, h = 1.0, r1 = 1 mm, r2 = 1 mm, center = false);
}
multmatrix([[1.0, 0.0, 0.0,            18.0], [0.0, 0.707106781187, -0.707106781187, 2.35355339059], [0.0, 0.707106781187, 0.707106781187, -0.353553390593], [             0, 0, 0, 1]]){
cylinder($fn = 8, $fa = 12.000000, $fs = 2.000000, h = 1.0, r1 = 1 mm, r2 = 1 mm, center = false);
}
multmatrix([[1.0, 0.0, 0.0,            20.0], [0.0, 0.707106781187, -0.707106781187, 2.35355339059], [0.0, 0.707106781187, 0.707106781187, -0.353553390593], [             0, 0, 0, 1]]){
cylinder($fn = 8, $fa = 12.000000, $fs = 2.000000, h = 1.0, r1 = 1 mm, r2 = 1 mm, center = false);
}
}
multmatrix([[1.0, 0.0, 0.0,            14.0], [0.0, 0.707106781187, -0.707106781187, 2.35355339059], [0.0, 0.707106781187, 0.707106781187, -0.353553390593], [             0, 0, 0, 1]]){
cylinder($fn = 8, $fa = 12.000000, $fs = 2.000000, h = 1.0, r1 = 1 mm, r2 = 1 mm, center = false);
}
multmatrix([[1.0, 0.0, 0.0,            8.0], [0.0, 0.707106781187, -0.707106781187, 2.35355339059], [0.0, 0.707106781187, 0.707106781187, -0.353553390593], [             0, 0, 0, 1]]){
cylinder($fn = 8, $fa = 12.000000, $fs = 2.000000, h = 1.0, r1 = 1 mm, r2 = 1 mm, center = false);
}
multmatrix([[1.0, 0.0, 0.0,            4.0], [0.0, 0.707106781187, -0.707106781187, 14.3535533906], [0.0, 0.707106781187, 0.707106781187, -0.353553390593], [             0, 0, 0, 1]]){
cylinder($fn = 8, $fa = 12.000000, $fs = 2.000000, h = 1.0, r1 = 1 mm, r2 = 1 mm, center = false);
}
multmatrix([[1.0, 0.0, 0.0,            2.0], [0.0, 0.707106781187, -0.707106781187, 8.35355339059], [0.0, 0.707106781187, 0.707106781187, -0.353553390593], [             0, 0, 0, 1]]){
cylinder($fn = 8, $fa = 12.000000, $fs = 2.000000, h = 1.0, r1 = 1 mm, r2 = 1 mm, center = false);
}
multmatrix([[1.0, 0.0, 0.0,            10.0], [0.0, 0.707106781187, -0.707106781187, 2.35355339059], [0.0, 0.707106781187, 0.707106781187, -0.353553390593], [             0, 0, 0, 1]]){
cylinder($fn = 8, $fa = 12.000000, $fs = 2.000000, h = 1.0, r1 = 1 mm, r2 = 1 mm, center = false);
}
multmatrix([[1.0, 0.0, 0.0,            20.0], [0.0, 1.0, 0.0, 1.0], [0.0, 0.0, 1.0, 0.25], [             0, 0, 0, 1]]){
sphere($fn = 0, $fa = 12.000000, $fs = 2.000000, r = 1 mm);
union() {
multmatrix([[1.0, 0.0, 0.0,            0.0], [0.0, 0.707106781187, -0.707106781187, 6.35355339059], [0.0, 0.707106781187, 0.707106781187, -0.353553390593], [             0, 0, 0, 1]]){
cylinder($fn = 8, $fa = 12.000000, $fs = 2.000000, h = 1.0, r1 = 1 mm, r2 = 1 mm, center = false);
}
multmatrix([[1.0, 0.0, 0.0,            2.0], [0.0, 0.707106781187, -0.707106781187, 6.35355339059], [0.0, 0.707106781187, 0.707106781187, -0.353553390593], [             0, 0, 0, 1]]){
cylinder($fn = 8, $fa = 12.000000, $fs = 2.000000, h = 1.0, r1 = 1 mm, r2 = 1 mm, center = false);
}
multmatrix([[1.0, 0.0, 0.0,            4.0], [0.0, 0.707106781187, -0.707106781187, 6.35355339059], [0.0, 0.707106781187, 0.707106781187, -0.353553390593], [             0, 0, 0, 1]]){
cylinder($fn = 8, $fa = 12.000000, $fs = 2.000000, h = 1.0, r1 = 1 mm, r2 = 1 mm, center = false);
}
multmatrix([[1.0, 0.0, 0.0,            6.0], [0.0, 0.707106781187, -0.707106781187, 6.35355339059], [0.0, 0.707106781187, 0.707106781187, -0.353553390593], [             0, 0, 0, 1]]){
cylinder($fn = 8, $fa = 12.000000, $fs = 2.000000, h = 1.0, r1 = 1 mm, r2 = 1 mm, center = false);
}
multmatrix([[1.0, 0.0, 0.0,            8.0], [0.0, 0.707106781187, -0.707106781187, 6.35355339059], [0.0, 0.707106781187, 0.707106781187, -0.353553390593], [             0, 0, 0, 1]]){
cylinder($fn = 8, $fa = 12.000000, $fs = 2.000000, h = 1.0, r1 = 1 mm, r2 = 1 mm, center = false);
}
multmatrix([[1.0, 0.0, 0.0,            10.0], [0.0, 0.707106781187, -0.707106781187, 6.35355339059], [0.0, 0.707106781187, 0.707106781187, -0.353553390593], [             0, 0, 0, 1]]){
cylinder($fn = 8, $fa = 12.000000, $fs = 2.000000, h = 1.0, r1 = 1 mm, r2 = 1 mm, center = false);
}
multmatrix([[1.0, 0.0, 0.0,            12.0], [0.0, 0.707106781187, -0.707106781187, 6.35355339059], [0.0, 0.707106781187, 0.707106781187, -0.353553390593], [             0, 0, 0, 1]]){
cylinder($fn = 8, $fa = 12.000000, $fs = 2.000000, h = 1.0, r1 = 1 mm, r2 = 1 mm, center = false);
}
multmatrix([[1.0, 0.0, 0.0,            14.0], [0.0, 0.707106781187, -0.707106781187, 6.35355339059], [0.0, 0.707106781187, 0.707106781187, -0.353553390593], [             0, 0, 0, 1]]){
cylinder($fn = 8, $fa = 12.000000, $fs = 2.000000, h = 1.0, r1 = 1 mm, r2 = 1 mm, center = false);
}
multmatrix([[1.0, 0.0, 0.0,            16.0], [0.0, 0.707106781187, -0.707106781187, 6.35355339059], [0.0, 0.707106781187, 0.707106781187, -0.353553390593], [             0, 0, 0, 1]]){
cylinder($fn = 8, $fa = 12.000000, $fs = 2.000000, h = 1.0, r1 = 1 mm, r2 = 1 mm, center = false);
}
multmatrix([[1.0, 0.0, 0.0,            18.0], [0.0, 0.707106781187, -0.707106781187, 6.35355339059], [0.0, 0.707106781187, 0.707106781187, -0.353553390593], [             0, 0, 0, 1]]){
cylinder($fn = 8, $fa = 12.000000, $fs = 2.000000, h = 1.0, r1 = 1 mm, r2 = 1 mm, center = false);
}
multmatrix([[1.0, 0.0, 0.0,            20.0], [0.0, 0.707106781187, -0.707106781187, 6.35355339059], [0.0, 0.707106781187, 0.707106781187, -0.353553390593], [             0, 0, 0, 1]]){
cylinder($fn = 8, $fa = 12.000000, $fs = 2.000000, h = 1.0, r1 = 1 mm, r2 = 1 mm, center = false);
}
}
multmatrix([[1.0, 0.0, 0.0,            10.0], [0.0, 0.707106781187, -0.707106781187, 6.35355339059], [0.0, 0.707106781187, 0.707106781187, -0.353553390593], [             0, 0, 0, 1]]){
cylinder($fn = 8, $fa = 12.000000, $fs = 2.000000, h = 1.0, r1 = 1 mm, r2 = 1 mm, center = false);
}
multmatrix([[1.0, 0.0, 0.0,            14.0], [0.0, 0.707106781187, -0.707106781187, 4.35355339059], [0.0, 0.707106781187, 0.707106781187, -0.353553390593], [             0, 0, 0, 1]]){
cylinder($fn = 8, $fa = 12.000000, $fs = 2.000000, h = 1.0, r1 = 1 mm, r2 = 1 mm, center = false);
}
multmatrix([[1.0, 0.0, 0.0,            10.0], [0.0, 0.707106781187, -0.707106781187, 8.35355339059], [0.0, 0.707106781187, 0.707106781187, -0.353553390593], [             0, 0, 0, 1]]){
cylinder($fn = 8, $fa = 12.000000, $fs = 2.000000, h = 1.0, r1 = 1 mm, r2 = 1 mm, center = false);
}
multmatrix([[1.0, 0.0, 0.0,            0.0], [0.0, 0.707106781187, -0.707106781187, 4.35355339059], [0.0, 0.707106781187, 0.707106781187, -0.353553390593], [             0, 0, 0, 1]]){
cylinder($fn = 8, $fa = 12.000000, $fs = 2.000000, h = 1.0, r1 = 1 mm, r2 = 1 mm, center = false);
}
multmatrix([[1.0, 0.0, 0.0,            14.0], [0.0, 0.707106781187, -0.707106781187, 14.3535533906], [0.0, 0.707106781187, 0.707106781187, -0.353553390593], [             0, 0, 0, 1]]){
cylinder($fn = 8, $fa = 12.000000, $fs = 2.000000, h = 1.0, r1 = 1 mm, r2 = 1 mm, center = false);
}
multmatrix([[1.0, 0.0, 0.0,            6.0], [0.0, 0.707106781187, -0.707106781187, 0.353553390593], [0.0, 0.707106781187, 0.707106781187, -0.353553390593], [             0, 0, 0, 1]]){
cylinder($fn = 8, $fa = 12.000000, $fs = 2.000000, h = 1.0, r1 = 1 mm, r2 = 1 mm, center = false);
}
multmatrix([[1.0, 0.0, 0.0,            10.0], [0.0, 0.707106781187, -0.707106781187, 16.3535533906], [0.0, 0.707106781187, 0.707106781187, -0.353553390593], [             0, 0, 0, 1]]){
cylinder($fn = 8, $fa = 12.000000, $fs = 2.000000, h = 1.0, r1 = 1 mm, r2 = 1 mm, center = false);
}
multmatrix([[1.0, 0.0, 0.0,            18.0], [0.0, 0.707106781187, -0.707106781187, 18.3535533906], [0.0, 0.707106781187, 0.707106781187, -0.353553390593], [             0, 0, 0, 1]]){
cylinder($fn = 8, $fa = 12.000000, $fs = 2.000000, h = 1.0, r1 = 1 mm, r2 = 1 mm, center = false);
}
multmatrix([[1.0, 0.0, 0.0,            0.0], [0.0, 0.707106781187, -0.707106781187, 18.3535533906], [0.0, 0.707106781187, 0.707106781187, -0.353553390593], [             0, 0, 0, 1]]){
cylinder($fn = 8, $fa = 12.000000, $fs = 2.000000, h = 1.0, r1 = 1 mm, r2 = 1 mm, center = false);
}
union() {
multmatrix([[1.0, 0.0, 0.0,            0.0], [0.0, 0.707106781187, -0.707106781187, 8.35355339059], [0.0, 0.707106781187, 0.707106781187, -0.353553390593], [             0, 0, 0, 1]]){
cylinder($fn = 8, $fa = 12.000000, $fs = 2.000000, h = 1.0, r1 = 1 mm, r2 = 1 mm, center = false);
}
multmatrix([[1.0, 0.0, 0.0,            2.0], [0.0, 0.707106781187, -0.707106781187, 8.35355339059], [0.0, 0.707106781187, 0.707106781187, -0.353553390593], [             0, 0, 0, 1]]){
cylinder($fn = 8, $fa = 12.000000, $fs = 2.000000, h = 1.0, r1 = 1 mm, r2 = 1 mm, center = false);
}
multmatrix([[1.0, 0.0, 0.0,            4.0], [0.0, 0.707106781187, -0.707106781187, 8.35355339059], [0.0, 0.707106781187, 0.707106781187, -0.353553390593], [             0, 0, 0, 1]]){
cylinder($fn = 8, $fa = 12.000000, $fs = 2.000000, h = 1.0, r1 = 1 mm, r2 = 1 mm, center = false);
}
multmatrix([[1.0, 0.0, 0.0,            6.0], [0.0, 0.707106781187, -0.707106781187, 8.35355339059], [0.0, 0.707106781187, 0.707106781187, -0.353553390593], [             0, 0, 0, 1]]){
cylinder($fn = 8, $fa = 12.000000, $fs = 2.000000, h = 1.0, r1 = 1 mm, r2 = 1 mm, center = false);
}
multmatrix([[1.0, 0.0, 0.0,            8.0], [0.0, 0.707106781187, -0.707106781187, 8.35355339059], [0.0, 0.707106781187, 0.707106781187, -0.353553390593], [             0, 0, 0, 1]]){
cylinder($fn = 8, $fa = 12.000000, $fs = 2.000000, h = 1.0, r1 = 1 mm, r2 = 1 mm, center = false);
}
multmatrix([[1.0, 0.0, 0.0,            10.0], [0.0, 0.707106781187, -0.707106781187, 8.35355339059], [0.0, 0.707106781187, 0.707106781187, -0.353553390593], [             0, 0, 0, 1]]){
cylinder($fn = 8, $fa = 12.000000, $fs = 2.000000, h = 1.0, r1 = 1 mm, r2 = 1 mm, center = false);
}
multmatrix([[1.0, 0.0, 0.0,            12.0], [0.0, 0.707106781187, -0.707106781187, 8.35355339059], [0.0, 0.707106781187, 0.707106781187, -0.353553390593], [             0, 0, 0, 1]]){
cylinder($fn = 8, $fa = 12.000000, $fs = 2.000000, h = 1.0, r1 = 1 mm, r2 = 1 mm, center = false);
}
multmatrix([[1.0, 0.0, 0.0,            14.0], [0.0, 0.707106781187, -0.707106781187, 8.35355339059], [0.0, 0.707106781187, 0.707106781187, -0.353553390593], [             0, 0, 0, 1]]){
cylinder($fn = 8, $fa = 12.000000, $fs = 2.000000, h = 1.0, r1 = 1 mm, r2 = 1 mm, center = false);
}
multmatrix([[1.0, 0.0, 0.0,            16.0], [0.0, 0.707106781187, -0.707106781187, 8.35355339059], [0.0, 0.707106781187, 0.707106781187, -0.353553390593], [             0, 0, 0, 1]]){
cylinder($fn = 8, $fa = 12.000000, $fs = 2.000000, h = 1.0, r1 = 1 mm, r2 = 1 mm, center = false);
}
multmatrix([[1.0, 0.0, 0.0,            18.0], [0.0, 0.707106781187, -0.707106781187, 8.35355339059], [0.0, 0.707106781187, 0.707106781187, -0.353553390593], [             0, 0, 0, 1]]){
cylinder($fn = 8, $fa = 12.000000, $fs = 2.000000, h = 1.0, r1 = 1 mm, r2 = 1 mm, center = false);
}
multmatrix([[1.0, 0.0, 0.0,            20.0], [0.0, 0.707106781187, -0.707106781187, 8.35355339059], [0.0, 0.707106781187, 0.707106781187, -0.353553390593], [             0, 0, 0, 1]]){
cylinder($fn = 8, $fa = 12.000000, $fs = 2.000000, h = 1.0, r1 = 1 mm, r2 = 1 mm, center = false);
}
}
multmatrix([[1.0, 0.0, 0.0,            4.0], [0.0, 0.707106781187, -0.707106781187, 16.3535533906], [0.0, 0.707106781187, 0.707106781187, -0.353553390593], [             0, 0, 0, 1]]){
cylinder($fn = 8, $fa = 12.000000, $fs = 2.000000, h = 1.0, r1 = 1 mm, r2 = 1 mm, center = false);
}
multmatrix([[1.0, 0.0, 0.0,            4.0], [0.0, 0.707106781187, -0.707106781187, 20.3535533906], [0.0, 0.707106781187, 0.707106781187, -0.353553390593], [             0, 0, 0, 1]]){
cylinder($fn = 8, $fa = 12.000000, $fs = 2.000000, h = 1.0, r1 = 1 mm, r2 = 1 mm, center = false);
}
multmatrix([[1.0, 0.0, 0.0,            6.0], [0.0, 0.707106781187, -0.707106781187, 16.3535533906], [0.0, 0.707106781187, 0.707106781187, -0.353553390593], [             0, 0, 0, 1]]){
cylinder($fn = 8, $fa = 12.000000, $fs = 2.000000, h = 1.0, r1 = 1 mm, r2 = 1 mm, center = false);
}
multmatrix([[1.0, 0.0, 0.0,            20.0], [0.0, 0.707106781187, -0.707106781187, 6.35355339059], [0.0, 0.707106781187, 0.707106781187, -0.353553390593], [             0, 0, 0, 1]]){
cylinder($fn = 8, $fa = 12.000000, $fs = 2.000000, h = 1.0, r1 = 1 mm, r2 = 1 mm, center = false);
}
multmatrix([[1.0, 0.0, 0.0,            4.0], [0.0, 0.707106781187, -0.707106781187, 18.3535533906], [0.0, 0.707106781187, 0.707106781187, -0.353553390593], [             0, 0, 0, 1]]){
cylinder($fn = 8, $fa = 12.000000, $fs = 2.000000, h = 1.0, r1 = 1 mm, r2 = 1 mm, center = false);
}
multmatrix([[1.0, 0.0, 0.0,            12.0], [0.0, 0.707106781187, -0.707106781187, 4.35355339059], [0.0, 0.707106781187, 0.707106781187, -0.353553390593], [             0, 0, 0, 1]]){
cylinder($fn = 8, $fa = 12.000000, $fs = 2.000000, h = 1.0, r1 = 1 mm, r2 = 1 mm, center = false);
}
multmatrix([[1.0, 0.0, 0.0,            4.0], [0.0, 0.707106781187, -0.707106781187, 12.3535533906], [0.0, 0.707106781187, 0.707106781187, -0.353553390593], [             0, 0, 0, 1]]){
cylinder($fn = 8, $fa = 12.000000, $fs = 2.000000, h = 1.0, r1 = 1 mm, r2 = 1 mm, center = false);
}
union() {
union() {
union() {
multmatrix([[1.0, 0.0, 0.0,            0.0], [0.0, 0.707106781187, -0.707106781187, 0.353553390593], [0.0, 0.707106781187, 0.707106781187, -0.353553390593], [             0, 0, 0, 1]]){
cylinder($fn = 8, $fa = 12.000000, $fs = 2.000000, h = 1.0, r1 = 1 mm, r2 = 1 mm, center = false);
}
multmatrix([[1.0, 0.0, 0.0,            2.0], [0.0, 0.707106781187, -0.707106781187, 0.353553390593], [0.0, 0.707106781187, 0.707106781187, -0.353553390593], [             0, 0, 0, 1]]){
cylinder($fn = 8, $fa = 12.000000, $fs = 2.000000, h = 1.0, r1 = 1 mm, r2 = 1 mm, center = false);
}
multmatrix([[1.0, 0.0, 0.0,            4.0], [0.0, 0.707106781187, -0.707106781187, 0.353553390593], [0.0, 0.707106781187, 0.707106781187, -0.353553390593], [             0, 0, 0, 1]]){
cylinder($fn = 8, $fa = 12.000000, $fs = 2.000000, h = 1.0, r1 = 1 mm, r2 = 1 mm, center = false);
}
multmatrix([[1.0, 0.0, 0.0,            6.0], [0.0, 0.707106781187, -0.707106781187, 0.353553390593], [0.0, 0.707106781187, 0.707106781187, -0.353553390593], [             0, 0, 0, 1]]){
cylinder($fn = 8, $fa = 12.000000, $fs = 2.000000, h = 1.0, r1 = 1 mm, r2 = 1 mm, center = false);
}
multmatrix([[1.0, 0.0, 0.0,            8.0], [0.0, 0.707106781187, -0.707106781187, 0.353553390593], [0.0, 0.707106781187, 0.707106781187, -0.353553390593], [             0, 0, 0, 1]]){
cylinder($fn = 8, $fa = 12.000000, $fs = 2.000000, h = 1.0, r1 = 1 mm, r2 = 1 mm, center = false);
}
multmatrix([[1.0, 0.0, 0.0,            10.0], [0.0, 0.707106781187, -0.707106781187, 0.353553390593], [0.0, 0.707106781187, 0.707106781187, -0.353553390593], [             0, 0, 0, 1]]){
cylinder($fn = 8, $fa = 12.000000, $fs = 2.000000, h = 1.0, r1 = 1 mm, r2 = 1 mm, center = false);
}
multmatrix([[1.0, 0.0, 0.0,            12.0], [0.0, 0.707106781187, -0.707106781187, 0.353553390593], [0.0, 0.707106781187, 0.707106781187, -0.353553390593], [             0, 0, 0, 1]]){
cylinder($fn = 8, $fa = 12.000000, $fs = 2.000000, h = 1.0, r1 = 1 mm, r2 = 1 mm, center = false);
}
multmatrix([[1.0, 0.0, 0.0,            14.0], [0.0, 0.707106781187, -0.707106781187, 0.353553390593], [0.0, 0.707106781187, 0.707106781187, -0.353553390593], [             0, 0, 0, 1]]){
cylinder($fn = 8, $fa = 12.000000, $fs = 2.000000, h = 1.0, r1 = 1 mm, r2 = 1 mm, center = false);
}
multmatrix([[1.0, 0.0, 0.0,            16.0], [0.0, 0.707106781187, -0.707106781187, 0.353553390593], [0.0, 0.707106781187, 0.707106781187, -0.353553390593], [             0, 0, 0, 1]]){
cylinder($fn = 8, $fa = 12.000000, $fs = 2.000000, h = 1.0, r1 = 1 mm, r2 = 1 mm, center = false);
}
multmatrix([[1.0, 0.0, 0.0,            18.0], [0.0, 0.707106781187, -0.707106781187, 0.353553390593], [0.0, 0.707106781187, 0.707106781187, -0.353553390593], [             0, 0, 0, 1]]){
cylinder($fn = 8, $fa = 12.000000, $fs = 2.000000, h = 1.0, r1 = 1 mm, r2 = 1 mm, center = false);
}
multmatrix([[1.0, 0.0, 0.0,            20.0], [0.0, 0.707106781187, -0.707106781187, 0.353553390593], [0.0, 0.707106781187, 0.707106781187, -0.353553390593], [             0, 0, 0, 1]]){
cylinder($fn = 8, $fa = 12.000000, $fs = 2.000000, h = 1.0, r1 = 1 mm, r2 = 1 mm, center = false);
}
}
union() {
multmatrix([[1.0, 0.0, 0.0,            0.0], [0.0, 0.707106781187, -0.707106781187, 2.35355339059], [0.0, 0.707106781187, 0.707106781187, -0.353553390593], [             0, 0, 0, 1]]){
cylinder($fn = 8, $fa = 12.000000, $fs = 2.000000, h = 1.0, r1 = 1 mm, r2 = 1 mm, center = false);
}
multmatrix([[1.0, 0.0, 0.0,            2.0], [0.0, 0.707106781187, -0.707106781187, 2.35355339059], [0.0, 0.707106781187, 0.707106781187, -0.353553390593], [             0, 0, 0, 1]]){
cylinder($fn = 8, $fa = 12.000000, $fs = 2.000000, h = 1.0, r1 = 1 mm, r2 = 1 mm, center = false);
}
multmatrix([[1.0, 0.0, 0.0,            4.0], [0.0, 0.707106781187, -0.707106781187, 2.35355339059], [0.0, 0.707106781187, 0.707106781187, -0.353553390593], [             0, 0, 0, 1]]){
cylinder($fn = 8, $fa = 12.000000, $fs = 2.000000, h = 1.0, r1 = 1 mm, r2 = 1 mm, center = false);
}
multmatrix([[1.0, 0.0, 0.0,            6.0], [0.0, 0.707106781187, -0.707106781187, 2.35355339059], [0.0, 0.707106781187, 0.707106781187, -0.353553390593], [             0, 0, 0, 1]]){
cylinder($fn = 8, $fa = 12.000000, $fs = 2.000000, h = 1.0, r1 = 1 mm, r2 = 1 mm, center = false);
}
multmatrix([[1.0, 0.0, 0.0,            8.0], [0.0, 0.707106781187, -0.707106781187, 2.35355339059], [0.0, 0.707106781187, 0.707106781187, -0.353553390593], [             0, 0, 0, 1]]){
cylinder($fn = 8, $fa = 12.000000, $fs = 2.000000, h = 1.0, r1 = 1 mm, r2 = 1 mm, center = false);
}
multmatrix([[1.0, 0.0, 0.0,            10.0], [0.0, 0.707106781187, -0.707106781187, 2.35355339059], [0.0, 0.707106781187, 0.707106781187, -0.353553390593], [             0, 0, 0, 1]]){
cylinder($fn = 8, $fa = 12.000000, $fs = 2.000000, h = 1.0, r1 = 1 mm, r2 = 1 mm, center = false);
}
multmatrix([[1.0, 0.0, 0.0,            12.0], [0.0, 0.707106781187, -0.707106781187, 2.35355339059], [0.0, 0.707106781187, 0.707106781187, -0.353553390593], [             0, 0, 0, 1]]){
cylinder($fn = 8, $fa = 12.000000, $fs = 2.000000, h = 1.0, r1 = 1 mm, r2 = 1 mm, center = false);
}
multmatrix([[1.0, 0.0, 0.0,            14.0], [0.0, 0.707106781187, -0.707106781187, 2.35355339059], [0.0, 0.707106781187, 0.707106781187, -0.353553390593], [             0, 0, 0, 1]]){
cylinder($fn = 8, $fa = 12.000000, $fs = 2.000000, h = 1.0, r1 = 1 mm, r2 = 1 mm, center = false);
}
multmatrix([[1.0, 0.0, 0.0,            16.0], [0.0, 0.707106781187, -0.707106781187, 2.35355339059], [0.0, 0.707106781187, 0.707106781187, -0.353553390593], [             0, 0, 0, 1]]){
cylinder($fn = 8, $fa = 12.000000, $fs = 2.000000, h = 1.0, r1 = 1 mm, r2 = 1 mm, center = false);
}
multmatrix([[1.0, 0.0, 0.0,            18.0], [0.0, 0.707106781187, -0.707106781187, 2.35355339059], [0.0, 0.707106781187, 0.707106781187, -0.353553390593], [             0, 0, 0, 1]]){
cylinder($fn = 8, $fa = 12.000000, $fs = 2.000000, h = 1.0, r1 = 1 mm, r2 = 1 mm, center = false);
}
multmatrix([[1.0, 0.0, 0.0,            20.0], [0.0, 0.707106781187, -0.707106781187, 2.35355339059], [0.0, 0.707106781187, 0.707106781187, -0.353553390593], [             0, 0, 0, 1]]){
cylinder($fn = 8, $fa = 12.000000, $fs = 2.000000, h = 1.0, r1 = 1 mm, r2 = 1 mm, center = false);
}
}
union() {
multmatrix([[1.0, 0.0, 0.0,            0.0], [0.0, 0.707106781187, -0.707106781187, 4.35355339059], [0.0, 0.707106781187, 0.707106781187, -0.353553390593], [             0, 0, 0, 1]]){
cylinder($fn = 8, $fa = 12.000000, $fs = 2.000000, h = 1.0, r1 = 1 mm, r2 = 1 mm, center = false);
}
multmatrix([[1.0, 0.0, 0.0,            2.0], [0.0, 0.707106781187, -0.707106781187, 4.35355339059], [0.0, 0.707106781187, 0.707106781187, -0.353553390593], [             0, 0, 0, 1]]){
cylinder($fn = 8, $fa = 12.000000, $fs = 2.000000, h = 1.0, r1 = 1 mm, r2 = 1 mm, center = false);
}
multmatrix([[1.0, 0.0, 0.0,            4.0], [0.0, 0.707106781187, -0.707106781187, 4.35355339059], [0.0, 0.707106781187, 0.707106781187, -0.353553390593], [             0, 0, 0, 1]]){
cylinder($fn = 8, $fa = 12.000000, $fs = 2.000000, h = 1.0, r1 = 1 mm, r2 = 1 mm, center = false);
}
multmatrix([[1.0, 0.0, 0.0,            6.0], [0.0, 0.707106781187, -0.707106781187, 4.35355339059], [0.0, 0.707106781187, 0.707106781187, -0.353553390593], [             0, 0, 0, 1]]){
cylinder($fn = 8, $fa = 12.000000, $fs = 2.000000, h = 1.0, r1 = 1 mm, r2 = 1 mm, center = false);
}
multmatrix([[1.0, 0.0, 0.0,            8.0], [0.0, 0.707106781187, -0.707106781187, 4.35355339059], [0.0, 0.707106781187, 0.707106781187, -0.353553390593], [             0, 0, 0, 1]]){
cylinder($fn = 8, $fa = 12.000000, $fs = 2.000000, h = 1.0, r1 = 1 mm, r2 = 1 mm, center = false);
}
multmatrix([[1.0, 0.0, 0.0,            10.0], [0.0, 0.707106781187, -0.707106781187, 4.35355339059], [0.0, 0.707106781187, 0.707106781187, -0.353553390593], [             0, 0, 0, 1]]){
cylinder($fn = 8, $fa = 12.000000, $fs = 2.000000, h = 1.0, r1 = 1 mm, r2 = 1 mm, center = false);
}
multmatrix([[1.0, 0.0, 0.0,            12.0], [0.0, 0.707106781187, -0.707106781187, 4.35355339059], [0.0, 0.707106781187, 0.707106781187, -0.353553390593], [             0, 0, 0, 1]]){
cylinder($fn = 8, $fa = 12.000000, $fs = 2.000000, h = 1.0, r1 = 1 mm, r2 = 1 mm, center = false);
}
multmatrix([[1.0, 0.0, 0.0,            14.0], [0.0, 0.707106781187, -0.707106781187, 4.35355339059], [0.0, 0.707106781187, 0.707106781187, -0.353553390593], [             0, 0, 0, 1]]){
cylinder($fn = 8, $fa = 12.000000, $fs = 2.000000, h = 1.0, r1 = 1 mm, r2 = 1 mm, center = false);
}
multmatrix([[1.0, 0.0, 0.0,            16.0], [0.0, 0.707106781187, -0.707106781187, 4.35355339059], [0.0, 0.707106781187, 0.707106781187, -0.353553390593], [             0, 0, 0, 1]]){
cylinder($fn = 8, $fa = 12.000000, $fs = 2.000000, h = 1.0, r1 = 1 mm, r2 = 1 mm, center = false);
}
multmatrix([[1.0, 0.0, 0.0,            18.0], [0.0, 0.707106781187, -0.707106781187, 4.35355339059], [0.0, 0.707106781187, 0.707106781187, -0.353553390593], [             0, 0, 0, 1]]){
cylinder($fn = 8, $fa = 12.000000, $fs = 2.000000, h = 1.0, r1 = 1 mm, r2 = 1 mm, center = false);
}
multmatrix([[1.0, 0.0, 0.0,            20.0], [0.0, 0.707106781187, -0.707106781187, 4.35355339059], [0.0, 0.707106781187, 0.707106781187, -0.353553390593], [             0, 0, 0, 1]]){
cylinder($fn = 8, $fa = 12.000000, $fs = 2.000000, h = 1.0, r1 = 1 mm, r2 = 1 mm, center = false);
}
}
union() {
multmatrix([[1.0, 0.0, 0.0,            0.0], [0.0, 0.707106781187, -0.707106781187, 6.35355339059], [0.0, 0.707106781187, 0.707106781187, -0.353553390593], [             0, 0, 0, 1]]){
cylinder($fn = 8, $fa = 12.000000, $fs = 2.000000, h = 1.0, r1 = 1 mm, r2 = 1 mm, center = false);
}
multmatrix([[1.0, 0.0, 0.0,            2.0], [0.0, 0.707106781187, -0.707106781187, 6.35355339059], [0.0, 0.707106781187, 0.707106781187, -0.353553390593], [             0, 0, 0, 1]]){
cylinder($fn = 8, $fa = 12.000000, $fs = 2.000000, h = 1.0, r1 = 1 mm, r2 = 1 mm, center = false);
}
multmatrix([[1.0, 0.0, 0.0,            4.0], [0.0, 0.707106781187, -0.707106781187, 6.35355339059], [0.0, 0.707106781187, 0.707106781187, -0.353553390593], [             0, 0, 0, 1]]){
cylinder($fn = 8, $fa = 12.000000, $fs = 2.000000, h = 1.0, r1 = 1 mm, r2 = 1 mm, center = false);
}
